[['['], [1, 0], [1], [1, 0], [1], ['1789'], [']']]
[[1], [1], [1, 0, 0], [0], [1], [0, 1, 0, 0], [0], [0], [1], [1], ['thel']]
[[1], [1], [1, 0, 0]]
[[2, 0, 1, 0]]
[[1, 0], [1], [0], [1, 0], [1], [3], [1, 0], [1], [1], [1, 0], [1], [3], [1], [0], [1], [1], [1], [0], [1], [3], [0], [1], [1, 0], [1], [1], [1], [4]]
[['"'], [1], [0], [1], [0, 1], [0], [1], ['!"']]
[[1], [1], [1], [1], [1, 0], [1], [6]]
[['"'], [1, 0], [3], [1], [1], [1], [0, 1], [';"'], [1], [1], [1], [4], [1], [1], [1], [1], [6]]
[['"'], [1], [1], [1], [3], [1], [1, 0], [1], [5], [1], [1], [1], [1], [1, 0], [1], [':!"']]
[[1], [1], [1], [0], [1], [0, 1], [3], [1], [1], [1], [1], [1], [1], [1], [6]]
[['"'], [1, 0], [3], [1], [1], [1], [0], [1], [0], [0], [1], [3], [1], [1], [1], [1], ['."']]
[[1], [1], [1, 0], ["'"], [1], [1], [1], [1], [5], [0], [1], [1], ["'"], [1], [0], [1, 0], [1], [3]]
[[0], [1], [1], [0], [1, 0], [1], [3], [0], [1], [1], ["'"], [1], [0], [1, 0], [1], [3], [0], [1], [1], [1], [1, 0], [1], [1, 0, 0], [1], [1], [1], [1], [1], [6]]
[[0], [1, 0]]
[[1], [1], [1], [0], [1, 0], ["'"], [1], [1], [1], [6]]
[[1], [0], [1], [1], [0], [1, 0], [1], [1], [5], [1], [1], [1, 0], [1], [1], [1], [0], [1], [3], [0], [1], [1], [1], [1], [1], [1], [1], [6]]
[[1], [1], [1], [0], [1], ["'"], [1, 0, 0], [1], [3], [0], [1], [1], [0], [1], ["'"], [1, 0], [0, 1], [5], [1], [1], [1, 0], [1], [1], [1], [0], [1], [3], [1], [1], [1], [1], [1], [1, 0], [1], [1], [6]]
[[0], [1, 0, 0], [1]]
[[0], [1], [1], [0, 1], [3], [0], [1], [1, 0], [0], [1], [5], [0], [1, 0], [1], [1], [1], [1, 0], [0], [1], [5], [0], [1, 2], [0], [1], [3], [0], [1], [1], [0], [1], [3], [1], [1, 0], [0, 1], [1], [0], [1], ["'"], [1, 0], [1], [5], [1], [1, 0], [1], [1], [1], [1], [1], [0], [1, 0, 0], [1], [6]]
[[1], [1], [3], [1], [1], [1], [3], [1], [1], [0, 1], [1], [3], [1, 0], [1, 0], [0], [1], [3], [0, 1], [0], [1], [1], [6]]
[[1], [1], [1], [1, 0], [1], [3], [0], [1], [1], [1], [1], [3], ['"'], [1], [3], [1], [0], [0], [1], [1], [1], [1], ['--'], [1], [0], [1], ['--'], [0], [1, 0], [1], ['-'], [1], [0], [1], [1], [0], [1, 0, 0], [1], ['."']]
[[1], [0], [1, 0], [1], [3], [1, 0], [3], [1], [1], [1], [1], [1, 0], [4], [0], [1], [1], [0, 1], [3], [0], [1, 0], [1], [1], [1], [1], [6]]
[[1], [0], [1], [1], [1], [1, 0], [1, 0], [1, 0], [0], [1, 0], [3], [1], [1], [0], [1], [1], [3], [1], [1, 0], [1], [1], [3], [0], [1], [1], [1], [1], [1], [0], [1, 0, 0], [1], [6]]
[[0], [1]]
[[1, 0], [1], [3], [1], [1], [1], [1], [1], [1], [1], [1], [1], [3], [1], [1], [1], [3], [0], [1], [1], [1], [1], [0], [1], [0], [1], ["'"], [0], [0], [1], [5], [1], [1], [1, 0], [1], [0, 1], [3], [1, 0], [1, 0], [3], ['wolly'], [3], [1], [5], [1], [1], [1], [0], [1, 0], [1], [3], [1, 0], [1], [0], [1], [0, 1], [6]]
[[1, 0], [1], [3], [1], [1], [1], [6]]
[[1], [1], [1], [1], [1], [1], [6]]
[[1, 0], [1], [3], [1], ["'"], ['ll'], [1], [1], [5], [1, 0], [1], [3], [1], ["'"], ['ll'], [1], [1], [4], [1], [1], [1], [1], [1], [1], [3], [1], [1], [1], [0, 1], [0], [1], [1], [1], [1], [3], [0], [1], [1], [1], [3], [1], [0, 1], [0], [1, 0], [1], [6]]
[[1], [0], [1], [3], [0], [1], [0], [1], [3], [1], [1], [1], [1], [1], [1], [6]]
[[1, 0], [1], [3], [1], [1], [1], [6]]
[[1, 0], [1], [3], [1], [1], [1], [6]]
[[0], [1, 0], [1], [1]]
[[1], [1, 0], [1], [1], [0], [0], [1, 0], [1], [3], [0], [1], [1], [1], [3], [1], [1], [1], [1], [1], [1], [6]]
[[1], [1], [1], [1, 0], [1], [0], [1, 0], [1], [3], [1], [1], [1], [1], [3], [1], [1], [0, 1], [1], [1], [6]]
[[1], [1, 0], [1], [1], [2, 0, 1], [0], [1], [3], [0], [3], [1, 0], [1], [0, 1], [0], [1], [1], [1], [3], [1], [1], [1], [1], [0], [1], [0], [1], [1], [3], [0], [3], [1, 0], [1], [0], [1], [3], [0, 1], [1], [1], [4]]
[['"'], [1], [1], [0], [1, 0], [1], [4], [1], [1], [1], [1], [3], [0], [1], [1], [1], [3], [0], [1], [1], [1], [0, 1], [3], [0], [1, 0], [0], [1], [0], [1], [0], [1], [0, 1], [1, 0], [0], [1, 0], [3], [1], [0], [0], ['noonday'], [6]]
[['"'], [0], [1], [1], [1], [1], [1], [0], [1, 0], [1], [3], [1], [1], [1], [1], [1], [1], [0], [1], [1], [1], [0], [1], [1], [1, 0], [0], [1], ['sunburnt'], [1], [1], [1], [0], [1], [3], [0], [1], [0], [1, 0], [1], [6]]
[['"'], [1], [1], [1, 0], [1], [1], [1], ["'"], [1], [0], [1], [1], [1], [3], [0], [1], [1], [1, 0], [3], [1], [1], [1], [1], [1], [3], [1, 0], [3], ["'"], [1], [1], [1], [0], [1], [3], [1], [1], [0], [1], [0], [1], [1], [1, 0], [1], [1], [1], [0, 1], ['\',"']]
[[1], [1], [1], [1, 0], [1], [3], [0], [1], [1], [5], [0], [1], [1], [1], [1], [1, 0], [1, 0], [1], [6]]
[[1], [1], [1], [1], [0], [1], [1], [1], [1], [1], [3], [0], [1], [0], [1], [1], [1], [1], [1], [1], [1]]
[[1], ["'"], ['ll'], [1], [1], [1], [0], [1], [1], [1], [1], [1], [1], [1], [0], [1], [0, 1], [1, 0], [1, 0], ["'"], [1], [1], [5], [0], [1], [1], ["'"], ['ll'], [1], [0], [1], [1], [1, 0], [1], [3], [0], [1], [1], [1], [3], [0], [1], [1], [1], [1], [1], [6]]
[[0], [1, 0]]
[[1, 0], [3], [1, 0], [1, 0], [6]]
[[1, 0], [1], [1], [1], [0], [1, 0], [1, 0], [1], [1], [3], [1], [1], [1, 0], [3], [1], [1], [1, 0], [1, 0], [3], [1], [1], [1, 0], [6]]
[[1, 0], [3], [1, 0], [1, 0], [6]]
[[1, 0], [1], [1], [1], [0], [1, 0], [1, 0], [1], [1], [1, 0], [3], [1, 0], [3], [1, 0], [3], [1, 0], [1, 0], [3], [1], [1], [1, 0], [6]]
[[0], [1, 0], ['-'], [1, 0]]
[[1], [1], [1, 0], [1], [1], [1], [1, 0], [1], [3], [0], [1], [1, 0], [1], [1], [1], [1], [1], [1], [1], [1, 0], [1], ['"'], [1], [6]]
[[1], [6]]
[[1], [6]]
[[1], ['!"']]
[[1], [1], [1, 0], [1], [1], [3], [0], [0], [1], [1], [1], [6]]
[[1], ["'"], [1], [1, 0], [1], ['dacre'], [3], [1], [1], [1], [1], [1], [3], [1], [1], [1], [0], [1], ["'"], [1], [1], [3], [1], [1], [5], [1], [1], [1], [3], ['"'], [1], [3], [1], [6]]
[[1, 0], [1], [1], [3], [1], [3], [1], [1], [1], ["'"], [1], [1], [3], [1], [1], [1], [0], [1], [1, 0], [1], [1], [1], [1], ['."']]
[[0], [1], [1], [1], [1, 0], [3], [0], [1], [1, 0], [1], [3], [1], [1], [1], [0], ['-'], [1, 0], [3], [1], [1], [1], [0], [1], [6]]
[['--'], [1], [1, 0], [1], [1, 0], [3], [1], [3], [1], [3], [1], [3], [0], [1], [3], [0], [1], [1], [1], [1], [1], [0], [1, 0], [1], [1], [6]]
[[0], [1], [1], [1], [1, 0], [3], [1], [1], [0], [1], [1], [3], [0], [1], [1, 0], [0], [1, 0], [3], [0], [1], [1], [1], [1], [5], [1], [1], [0], [1], [1], [3], [1, 0], [3], [1, 0], [3], [1], [1], [3], [0], [1], [0], [0], [1, 0], [3], [0], [1], [0], [0], [1], [6]]
[[1], [1, 0], [0], [1], [3], [1], [1], [1], [1], [0, 1], [3], [1], [1], [0, 1], [1], [3], [0], [1], [0], [0], [1], [5], [0], [0], [1, 0], [1], [1], [3], [1], [1], ["'"], [1], [1], [0], [1], [1], [3], [1], ["'"], [1], [1], [1], [1], [1], [1, 0], [3], [0], [1, 0], [1], [1], [6]]
[[0], [1], [1], [0, 1], [3], [0], [1], [1], [0], [0], [1], [3], [0], [1], [1], [1, 0], [1], [0], [1, 0], [1, 0], [1], [1], [6]]
[[1], [0], [1, 0], [1], [1], [3], [1], [1], [1, 0], [0], [1], [4], [1], [3], [1], [1], [1], [1], [1, 0], [3], [1], [1], [1], [1], [1], [6]]
[[0], [1, 0], [1], [1]]
[['"'], [1, 0], [3], [1, 0], [3], [1], [1], [1], [1, 0], [6]]
[[1], [1], [1], [1], [1], [1], [6]]
[[1], [3], [1, 0], [3], [1], [1], [1], [1, 0], [1], [3], [1], [1], [1], [1], [1], [1], ['."']]
[[0], [1], [1], [1], [3], [1], [1, 0], [1], [1], [3], [0], [1], [1], [1], [1], [1], [5], [0], [1], [1], [1], [3], [0], [0], [1], [1], [1], [3], [0], [0, 1], [0], ['vapour'], [1], [6]]
[[0], [1, 0], [1], [1]]
[[0], [1, 0], [1], [1], [0], [0], [1, 0], [1], [3], [1], [1], [0], [1, 0, 0], [1], [3], [0, 1], [1], [1], [3], [1], [1], [3], [1, 0], [1], [3], [0, 1], [1], [1], [1, 0], [3], [0], [1], [6]]
[[1], [1], [0], [1], [3], [0], [1], [0], [1], [1], [3], [0], [1], [1], [1, 0], [1], [3], [1], [0], [1, 0], [1], [3], [1], [0], [1, 0], [1], [3], [0], [1, 0], [1], [1, 0], [1], [6]]
[[1, 0], [1]]
[[1], [0], [1], [1], [1], [1], [0], [1], [1], [1], [3], [0], [0], ['dimpling'], [1], [1], [1, 0], [1], [5], [1], [0], [1], [1], [1], [1], [1, 0], [1, 0], [1], [3], [0], [0], [1], [1], [1], [1], [0], [1], [1], [1], [5]]
[[1], [0], [1, 2], [1], [1], [1, 0], [1], [3], [0], [0], [1, 2, 0], [1], [0], [0], [1, 0], [1], [3], [1], [1, 0], [0], [1, 0], [0], [1, 0, 0], [1], [1], [1], [1], [1], [1], ['"'], [1], [3], [1], [1], ['!"']]
[[1], [0], [1, 0], [1], [1], [0], [0], [1], [3], [1], [1, 0], [1, 0], [1], [1, 0], [0], [1], [1], [1], [4], [1], [1], [3], [0], [1], [1, 0], [3], [0], [1], [1], [1], [3], [1], [1], [0], [1], [1, 0], [1], ['"'], [1], [3], [1], [3], [1], ['!"']]
[[0], [1]]
[[1], [1], [3], [1], [0], [1], [1], ["'"], [0], [1], [1, 0], [1, 0], ["'"], [1], [1], [6]]
[[1], [1], [1], [1, 0], [1], [1], [1, 0], [3], [1, 0], [3], ['moony'], [1], [6]]
[[1], [1], [3], [1], [1], [1], [1], [1], [1], [1], [1, 0], [1], [1], [1], [3], [1, 0], [1], [3], [1, 0], [1], ["'"], [0], [1], [1, 0], [1], [6]]
[[1], [1], [3], [0], [0], [1], [1, 0], [1, 0], [1], [0, 1], [6]]
[[1], [1], [3], [1, 0], ["'"], [1], [1], [3], [1], [0], ['livelong'], [1], [0, 1], [6]]
[[1], [1], [3], ['dovelike'], [1], [3], [1], [1], [1, 0], [1], [1], [1], [6]]
[[1], [1], [3], [1, 0], [1], [3], [1], [0], ['dovelike'], [1], [0, 1], [6]]
[[1], [3], [1], [3], [1, 0], [1], [6]]
[[1], [0, 1, 0], [1], [0], [1], [6]]
[[1], [3], [1], [3], [1, 0], [1], [3], [1], [1], ["'"], [0], [1], [1], [1, 0], [1], [6]]
[[1], [1], [3], [0], [1], [1], [1, 0], [1, 0], [1], [1], [1], [5], [1], [1], [3], [1], [1], [1], [1], [1, 0], [1], [3], [0], [1], [1], [1], [4]]
[[1], [1], [1], [3], [1], [1], [3], [1], [1], [3], [1], [1], [1], [1], [1, 0], [1], [6]]
[[1], [1], [1, 0], [1, 0], [1], [3], [1, 0, 0], [1], [1], [1], [1], [1], [6]]
[[1], [1], [1], [3], [1], [1], [3], [1], [1], [3], [1], [0, 1], [1], [1, 0], [1], [5], [1, 0], [1], [1], [1], [1], [1], [5], [1, 0], [0], [1], [1], [1], ['beguiles'], [6]]
[[0, 1], [1, 0]]
[[1], [1, 0], [3], [1, 0], [3], [1], [3], [0], [1], [3], [1], [1], [0], [1], [0, 1], [3], [0], [1], [1], [1, 0], [1], [0, 1], [0, 1], [1], ['thankfulness'], [6]]
[[1], [1, 0], [3], [1, 0], [3], [1], [3], [0], [1], [3], [1], [1], [1, 0], [1, 0], [1], [5], [0], [1, 0], [3], [1, 0], [3], [1], [3], [0], [1], [3], [1], [1], [3], [1], [1], [0], [1], [6]]
[[1], [1, 0], [1], [0], [1, 0], [1], [1, 0], [3], [0], [1, 0], [1], [5], [0], [1], [3], [0], [1, 0], [1], [0, 1], [5], [0], [1], [3], [0], [1, 0], [1], [6]]
[[1], [1, 0, 0], [1], [3], [1], [1, 0, 0], ['clime'], [3], [1], [1], [0], [1], [0, 1], [3], [1], [1], [0], [1, 0], [1], [0, 1], [4], [1], [3], [1, 0], [3], [1, 0], [3], [1], [6]]
[[0], [1], [1], [1], [0], [1, 0], [1], [3], [0], [1, 0], [3], [1], [3], [1], [1], [6]]
[[1], [1, 0], [3], [1], [3], [0], [1, 0], [1], [3], [1], [1], [1], [1, 0], [1], [6]]
[[1, 0], [1, 2]]
[["'"], [1], [1], [0], [1, 0], [1, 2], [3], [1], [1, 0, 0], [1, 0], [1], [3], [1], [1, 0], [1, 0], [1], [0], [1], [3], [0], [1], [3], [0], [1], [3], [0], [1], [4], [1], ['-'], [1, 0], [1, 0], [1], [0, 1], [3], [1], [1], [1], [1], [1], [1], [3], [1], [0, 1], [0], [1], [1], [1], [1], ["'"], [1], [1], [1], [1], [1, 0], [1], [6]]
[[1], [1], [0], [1, 0, 2], [1], [1], [3], [1], [1, 0], [1], [1, 0], [1], [6]]
[[1, 0], [0], [1, 0, 0], [1], [1], [3], [1], [1, 0, 0], [1], [1], [1], [6]]
[[0], [1], [1], [1, 0, 2], [1], [1], [3], [1], [1, 0, 2], [1], [1], [3], [1, 0], [1], [1, 0], [1], [0], [1], [1, 0], [1], [1, 0, 0], [1], [6]]
[[1], [1], [0], [1, 0], [1], [1], [1], [1], [1, 0], [0], [1], [1], [1], [3], [1], [1], [0, 1, 0, 0], ['thunderings'], [0], [1], [1], [1, 0], [0, 1], [4], [0, 1], [1], [1], [0], [1], [1], [3], [1], [1, 0, 0], [1], [0], [1], [6]]
[[1], [1, 0], [1, 0], [3], [1], [1], [1], [1], [1, 0], [1], [1], [1], [6]]
[[1]]
[[0], [1], [0, 1, 0], [0], [0], [1], [3], [0], [1, 0], [1], [1], [1], [5], [0], [1], [1], [1, 0], [0], [1], [1], [3], [0], [1], [1], [1], [1], [1], [6]]
[[0], [1], [3], [1], [0], [1, 0], [0], [1, 0], ["'"], [1], [1], [1, 0], [3], [1], [1, 0], [0, 1], [3], [1], [0], [1], [1], [0], [1], [6]]
[[2, 1], [3], [1], [1], [0], [1, 0], [1], [3], [1], [1], [1], [1], ["'"], [1], [0, 1], [6]]
[[1], [1], [1], [1, 0], [3], [1, 0], [1], [0], [1], [1], [1, 0], [1], [5], [0, 1], [1], [1], [1, 0], [3], [0], [1], [0, 1], [1, 0], [3], [1], [1], [1], [0], [1, 0], [3], [0], [1], [1, 0], [1, 0], [6]]
[[1], [1], [0], [1, 0, 0], [1, 0], [1], [1], [1], [1], [1, 0], [1], [5], [1], [1, 0], [1], [1], [1, 0, 0], [1], [3], [1], [1], [1], [1], [1], [1], [4], [1], [1], [1], [1, 0], [1, 0], [1], [1], [1], [1], [1, 0], [3], [1], [1], [1], [1], [1], [1], [3], [0], [1], [1], [1], [1], [1], [6]]
[[1], [1], [0], [1, 0], [1], [1], [1], [3], [1], [1, 0, 0], [1], [0], [1], [5], [1, 0], [1], [1], [1], [1], [0, 1], [3], [0], [1], [1], [1], [0], [1], [6]]
[[1], [3], [1], [1], [1], [1, 0], [3], [0], [1, 0], [3], [1], ['heedful'], [3], [0, 1], [1], [1], [1, 0], [3], [1], [1], [1], [0, 1, 0], [6]]
[[0], [1], [0], [1, 0], ["'"], [1], [1, 0], [1], [1], [1], [1], [1], [1], [1], [4], [0], [1, 0, 0], [0], [1, 0], [1], [3], [0], [1, 0], [1], [0], [1], [4], [1, 0], [4], ['"'], [1], [1], [1], ['meekness'], [3], [0], [3], [1], [1], [1], [3], [1, 0], [3], [1], [1, 0], [0, 1], [1], [1, 0], [0, 1, 0], [1], [6]]
[['"'], [0], [1], [0, 1], [1], [3], ['bleating'], [1], [3], [1], [1], [1], [1], [0], [1], [3], [1], [1], [1], [1], [1], [1], [1], [1], [3], [1], [1, 0], [1], [3], [0], [1], [6]]
[[1], [3], [1], [0], [1], ["'"], [1], [1, 0], [3], [1], [1], [1], [1], [1, 0], [1], [1], [1], [0], [1], [3], [1], [1], [1], [1], ["'"], [0], [0], [1], ['."']]
[[1]]
[[1], [0], [1], [6]]
[[1], [1], ["'"], [1], [1], [6]]
[[1], ["'"], [1], [0, 1], [3], [1], [0], [1], [3], [1, 0, 0], [3], [0], [0], [1], [3], [1], [0], [1], [',--'], [1, 0, 0], [3], [1, 0, 0], [1, 0, 0], [3], [1], [1, 0], [0], [0], [1], [6]]
[[1, 0], [1], [3], [1], [1], [1], [5], [1, 0], [1], [3], [1], [0], [1], [5], [1], [1], [1], [3], [1], [1], [1], [5], [1, 0], [1], [3], [1, 0], [1], [5], [1, 0, 0], [3], [1, 0, 0], [3], [1], [1, 0], [0], [0], [1], [6]]
[[1, 0], [1], [3], [1], [1], [1], [5], [1], [0], [1], [1], [1], [1], [5], [1], [1], [1], [1], [1], [1], [5], [1], [1], [1], [1], [1], [1], [5], [1, 0, 0], [3], [1, 0, 0], [3], [1], [1, 0], [0], [0], [1], [6]]
[[1], ["'"], [1], [1]]
[[1], [0], [1, 0], [1], [1, 0], [1], [1], [1], [0], [1], [3], [0], [1, 0], [1], [1], [1], [0], [1], [3], [1], [1], [1], [1], [1], [0, 1], [1], [1], [3], [0], [1, 0, 2], [1], [1], [1], [6]]
[['"'], [1], [1], [1], [3], [1], [1, 0], [3], [0], [1], [1], [1], [1], [3], [0], [0], [1], [1], [1], [0, 1], [5], [1], [3], [1], [3], [1], [1], [1], [3], [0], [1], [1], [0, 1], [3], [1], [0], [1, 0], [0, 1], [0], [0], [1], ['."']]
[['"'], [1], [3], [1], [3], [1], [1], [1], [3], [1], [1], [1], [1], [1], [3], [0], [1], [1, 0], [1], [1], [1], [5], [0, 1], [3], [0], [0], [1], [0], [1, 0], [1], [1], [3], [0], [0], [1], [1], [1], [1, 0], [1], [1], ['."']]
[['"'], [1], [3], [1], [3], [1], [0], [1], [1], [0], [1], [1], [0, 1], [3], [0], [1], [1], [1], [1], [1], ['."']]
[[0], [1, 0], [1], [1], [3], [0], [1, 0], [3], [0], [1], [3], [0], [1], [0], [1], [1, 0], [6]]
[[1, 0], [1]]
[['"'], [1], [1], [1], [1], [5], [1], [1], [1], [1], [1], [1], ['."']]
[[1], [1], [1], [1], [1], [6]]
[['"'], [1], [1, 0], [1], [3], [1], [1], [1], [1], ['."']]
[[1], [1], [0, 1], [1], [6]]
[[1, 0], [1], [6]]
[[1], [1], [3], [1], [1], [1], [1], [6]]
[[1], [1], [1], [1], [1], [4], [1], [1], [1], [3], [1], [1], [0], [1], [5], [1], [1], [0, 1], [1], [6]]
[[0], [1]]
[[1], [0], [1], [1], [1], [0], [1], [1], ["'"], [0], [1], [1, 0], ['-'], [1, 0], [1], [3], [1], [1], [1, 0], [1], [1], [1], [1], [1], [1], ['methought'], [1], [1], [6]]
[[1, 0], [3], ['wildered'], [3], [0], [0, 1], [3], [1], [3], [0, 1, 0], [3], [1, 0], ['-'], [1], [3], [1, 0], [1, 0], [0], [1, 0], [1], [3], [1], [1], ['-'], [1], [3], [1], [1], [0], [1], [4]]
[['"'], [1], [1], [1, 0], [6]]
[[1], [1], [1], [3], [1], [1], [1], [1], [1, 0], [1], [6]]
[[1], [1], [1], [0, 1], [1], [1], [3], [1], [0, 1], [0], [1], [1], [1], ['."']]
[[1, 0, 0], [3], [1], [1], [0], [1], [4], [1], [1], [1], [0], [1], ['-'], [1], [1], [3], [1], [0, 1], [3], ['"'], [1], [1, 0], [1], [1], [0], [1, 0], [1], [0], [1], [6]]
[['"'], [1], [1], [1], [1], [1], [0], [1], [3], [1], [0], [1, 0], [1], [1], [1], [4], [1, 0], [1], [0], [1, 0], ["'"], [1], [1], [5], [1, 0], [1, 0, 0], [3], ['hie'], [1], [1], ['!"']]
[[1], [0, 1, 0], ["'"], [1], [1, 0]]
[[1], [1], [1], [0, 1, 0], ["'"], [1], [1], [3], [0], [1], [1], [0], [1, 0], [1], [6]]
[[1], [1], [1], [0, 1, 0], ["'"], [1], [1], [3], [0], [1], [1], [1], [1], [0, 1], [6]]
[[1], [1], [1], [0], [1, 0], [1], [3], [0], [1], [1], [1], [1, 0], ["'"], [1], [1], [6]]
[[1], [0], [1, 0], [1], [1], [1], [1], [3], [1], [1], [1], [1, 0], [1], [6]]
[[1], [0], [1, 0], [1], [0], [1], [1], [1, 0], [1], [3], [1], [1, 0], [1], [6]]
[[1], [3], [1], [6]]
[[1, 0], [1], [1], [1], [6]]
[[1, 0], [3], [1, 0], [1], [1], [1], [6]]
[[0], [1], [1], [1], [1], [1], [1], [1], [0], [1], [1], [1, 0], [1], [3], [1], [0], [1], [1], ["'"], [1], [1], [0], [1], [3], [1], [0], [1], [1], [1, 0], [1], ['--']]
[[0], [1], [1], [0, 1], [0], [1], [3], [1, 0], [1, 0], [0], [1], [1], [3], [0], [1], [1], [0], [1, 0], [1], [3], [1, 0], [1], [1], [1, 0], ["'"], [1], [1], [6]]
[[0], [1], [1], [1], [1], [0], [1], [3], [1, 0], [1], [1, 0], [1], [0, 1], [6]]
[[1], [1], [6]]
[[1, 0], [1], [1], [1], [6]]
[[1, 0], [3], [1, 0], [1], [1], [1], [6]]
[[1], [1], [1], [1], [1], [1], [1], [4], [1], [0, 1], [1], [1, 0], [1], [3], [1], [0, 1], [0], [1], [1], [1], [3], [1], [1], [1], [0], [1, 0], [1], [6]]
[[1], [1], [1], ['canst'], [1], [0], [1], [3], [0], [1], [1, 0], [1], [1], [1], [4], [1], [1], [1], ['canst'], [1], [0], [1], [3], [0], [1], [1, 0], [1], [1], [1], [6]]
[[1], [1], [1], [1], [1], [1], [1], [3], [1], [1, 0], [1], [1], [1], [0, 1], [4], [1], [1, 0], [1], [1], [1], [1], [1], [1], [1], [1], [1], [1], [0], [1], [6]]
[[1], [1], [0, 1, 0, 0]]
[[2, 0, 1, 0]]
[[1], [0], [1], [1], [0], [1], [3], [1], [1, 0], [3], [1], [3], [0], [1, 0], [3], [1], [5], [1], [1], [1], [1], [0], [1, 0], [1], [1], [1], [0, 1], [0], [1, 0], [1], [5]]
[[1, 0], [0], [1], [1], [3], [0], [1, 0], [0], [0], [1, 0], [1], [5], [1], [1], [0, 1], [0], [1, 0], [1], [3], [0], [1, 0], [3], [1, 0], [1], [0, 1], [6]]
[['"'], [1], [1], [3], [1], [1], [3], [0, 1], [6]]
[[0, 1], [1], [1], [0], [1, 0], [1], [6]]
[[1], [1], [1], [3], [0], [0], [1], [1, 0], [1], [0], ['slumbrous'], [1], [6]]
[['"'], [1], [0, 1], [1], [1], [5], [1], [1], [1], [1], [0, 1], [6]]
[[0], [1, 0], [1], [3], [0], [1, 0, 0], [1], [3], [1], [1, 0], [1], [1], [0], [1], [1], [1], ['."']]
[[1], ["'"], [1], [1, 0]]
[[1], [1], [1], [0], [1], [1], [0], [1, 0], [1], [0], ['drear'], [3], [0], [1], [1], [3], [1, 0], [3], [1], [3], [0], [0], [1], [1, 0], [1], [1], [0, 1], [6]]
[['"'], [1, 0], [1], [1, 0, 0], [1], [3], [1, 0], [1, 0, 0], [1], [1], [1], [1], [1], [0], [1], [5], [1, 0], [1], ["'"], [1], [3], [1], [1], [0], [1, 0], [1], [0], [1, 0], [1], [6]]
[['"'], [1, 0], [1, 0], [1], [1], [6]]
[[1, 0], [3], [1, 0], [3], [1, 0], [1], [6]]
[[1], [0, 1], [3], [1], [0], [1], [3], [0], [1, 0], [1], [1], [0], [1, 0], [1], [6]]
[['"'], [1], [1], [1], [1], [1], [3], [1], [1], [0], [1, 0], [1], [6]]
[[1], [0], [1, 0], [1], [1], [1], [3], [1], [0], [1, 0], [0], [1, 0], [1], [6]]
[['"'], [1], [1], [1, 0], [1], [3], [1], [1], [1], [1], [1], [0, 1], [6]]
[[1, 0], [3], [1], [3], [0, 1, 0], [1], [3], [1], [1], [1], [1], [1, 0], [1], ['."']]
[[0], ['clod'], [0], [0], [1, 0]]
[['"'], [1], ['seeketh'], [1], [0, 1], [1], [1], [3], [1], [1], [0, 1], [1], [1, 0], [1], [3], [1], [1], [0, 1, 0], [1], [1], [1], [3], [0], [1], [0], [1, 0], [0], [1], ["'"], [1], [0, 1], ['."']]
[[1], [1], [0], [1, 0], ['clod'], [1], [1], [3], [1, 0], [1], [0], [1, 0], ["'"], [1], [1], [3], [1], [0], [1, 0], [1], [0], [1], [1, 0], [1], [1], ['metres'], [1], [4]]
[['"'], [1], ['seeketh'], [1, 0], [1], [1], [1], [3], [1], [1], [0, 1, 0], [1], [1], [0, 1], [3], [1], [0], [0, 1, 0], ["'"], [1], [1], [1], [1], [3], [0], [1], [0], [1], [0], [1, 0], ["'"], [1], [0, 1], ['."']]
[[1, 0], [1, 2]]
[[1], [1], [0], [1, 0], [1], [1], [1], [0], [0], [1], [0], [1, 0], [1], [3], ['--'], [1], [0, 1], [1], [1, 0, 0], [3], [1], [1], [1], [0], ['usurous'], [1], [6]]
[[1], [1], [1, 0, 0], [1], [0], [1], [6]]
[[1], [1], [1], [0], [1], [1], [1], [6]]
[[0], [1], [1, 0], [1, 0], [1], [6]]
[[1], [1], [0], [1], [1], [1, 0, 0], [6]]
[[0], [1], [1], [1], [1, 0], [1], [3], [0], [1], [1], [1], [1], [0], [1], [3], [0], [1], [1], [1], [1], [1], [1], [4], [1], [1], [0, 1, 0], [1, 0], [1], [6]]
[[1], [1], ["'"], [0], [0], [1], [1], [1], [3], [0], [1], ["'"], [0], [0], [1], [1], [1], [3], [1], [1], [1, 0], [1, 0], [1], [3], [1], [1, 0, 0], [0], [1], [0, 1], [6]]
[[0], [1, 0], [1], [1]]
[[0], ['futurity'], [1], [0, 1, 0], [1], [1], [0], [1], [1], [1], ['('], [1], [0], [1, 0], [1], [')']]
[[1], [0, 1], [3], [0], [1], [1], [0], [1, 0], [1], [5], [0], [0], [1, 0], [1], [0, 1], [0], [1, 0], [1], [6]]
[[0], [0], [1, 0], ['clime'], [3], [1], [0], [1, 0], ["'"], [1], [1], [1, 0], [1], [0, 1], [3], [1, 0], ['lyca'], [1], [6]]
[[1, 0], [1, 0], [1], [1, 0], ['lyca'], [1], [6]]
[[1], [1], [1, 0], [1], [3], [1, 0], [1], [1], ["'"], [1], [6]]
[['"'], [1], [1], [3], [1], [1], [1], [2, 0, 1], [1], [1], [5], [1], [1, 0], [3], [1, 0], [3], [1], [6]]
[[1], [1], ['lyca'], [1], [6]]
[['"'], [1], [0], [1, 0], [1], [1], [1], [1, 0], [1], [6]]
[[1], [1], ['lyca'], [1], [1], [0], [1, 0], [1], [6]]
[['"'], [1], [0], [1], [1], [1], [3], [1], [1], ['lyca'], [1], [5], [1], [1], [1, 0], [1], [3], ['lyca'], [1], [1], [1], [6]]
[['"'], [1, 0], [3], [1, 0], [1], [3], [1], ["'"], [0], [1], [1, 0], [1], [1], [1], [1], [0, 1], [3], [1], [1], [1], [1], [1], ['."']]
[[1, 0], ['lyca'], [1], [1], [0], [1], [1], [1], [3], [1], [1], [1, 0], [1], [3], [1], [0], [1], [0, 1], [6]]
[[0], [1, 0], [1, 0], [1], [3], [0], [0], [1, 0], [1], [4], [1], [1], ['gambolled'], [1], [1], ["'"], [0], [0], [1, 0], [1], [6]]
[[1, 0], [3], [1, 0], [3], [1], [1], [0], [1], [1], [1], [5], [1], [0], [1, 0], [1], [1], [1], [1], [1], [1], [3]]
[[0], [0], [1], [1], [1], [0], [0, 1], [0], [1], [3], [1], [1], [1], [1], [1], [3], [1, 0], [1], [1], [1], [5]]
[[1], [0], ['lioness'], [1], [0], [1, 0], [1], [3], [0], [1, 0], [1], [0, 1], [1], [1], [0], [1, 0], [1], [6]]
[[0], [1, 0], [1], [1]]
[[1], [0], [1], [0], [1], ['lyca'], ["'"], [1], [1, 0], [1], [1, 0], [1, 0], [1], [3], [1], [0], [1, 0], [1], [6]]
[[1, 0], [0], [1], ['-'], ['begone'], [3], [1], [1], [1, 0], [1], [3], [1], [0], [1], [3], [1, 0], [1], [1], [1], [0], [1, 0], [1], [6]]
[[1, 0], [1], [1], [1], [0, 1], [1, 2], [1], [3], [0], [1], [1], [1], [1], [1], [1], [0], [1, 0], [1], [6]]
[[1], [1], ['pathless'], [1], [0], [1, 0], [1, 0], [1], [3], ['famished'], [3], [1, 0], [3], [1], [3], [1], [1, 0], ['piteous'], [1], [6]]
[[1, 0], [1], [0, 1], [3], [0], [1, 0, 0], [1, 0], [1], [1], [1], [1], [1, 0], [1], [5], [1], [1], [1], [1, 0], [1], [6]]
[[0], [1], [1], [1], [1], [0], [3], [1], [1], [1, 0], [1], [5], [1], [0, 1], [1], [1], [0], [1, 0], [1, 0], [1], [6]]
[[1, 0], [1], [1], [1], [4], [1], [1], [1, 0], [1], [1], [1], [1], [0], [1], [3], [1], [1], [1], [0, 1], [3]]
[[1, 0], [1], [1], [1], [5], [1], [1], [1], [0, 1], [1], [1], [1], [1], [1], [3], [0], [1, 0], [1], [1], [1], [6]]
[[1], [1], [0, 1], [1], [1], [3], [1], [1], [1], [0, 1], [5], [0], [1, 0, 0], [0, 1], [0], [1, 0], [1], [0], [1], [6]]
[[1], [1], [1], [0], [1], [3], [1], [1], [1, 0], [1], [1], [1], [1, 0], [1], [6]]
[[1], [1], [1], [1], [1], [6]]
[['"'], [1, 0], [1], [',"'], [1], [1], [5], ['"'], [1], [1], [1], [0], [1], [5], [0], [1], [1, 0], [1], [3], ['lyca'], [1], [0, 1], ['."']]
[[1], [1], [1, 0], [1], [0], [1, 0], [1], [3], [0], [1], [1], [1, 0], [1], [0, 1], [1, 0], [1], [6]]
[[1], [1], [1], [1], [1], [0], [0], [1, 0], [1], [3], [1], [1], [0], ['wolvish'], [1], [1], [0], [1, 0], ["'"], [1], [1], [6]]
[[0], [1, 0], [1, 0]]
[[0], [1, 0], [1], [1], [0], [0], [1], [3], [1, 0], ['"'], [1], [6]]
[[1], ['!"']]
[[0], [1], [1], [1], [6]]
[['"'], [1], [1], [1], [1, 0], [0], [1, 0], [6]]
[[1], ['!"']]
[['--'], ['"'], [1], [1], [1], [1], [1], [1], [0], [1], [1], [1], [6]]
[['"'], [0, 1], [1], [1], [1, 0], [0, 1], [0], [1], [3], [0], [1], [0, 1], [0], [1, 0], ["'"], [1], [1], [3], [1], [1], [1], [0], [0], [1], [1], [1], [3], [0], [1], [1], [1], [1], [0], [1], [1], [1], [6]]
[['"'], [0], [0, 1], [1], [1], [1, 0], [0], [1], [0], [1], [3], [1], [1], [1], [1], [1], [1], [1], [1, 0, 0], [3], [0], [1], [1], [1], [1], [1], [0], [1], [1], [0], [1], [3], [1], [1], [1], [0], [1, 0], [1], [1, 0], [1, 0, 0], ['."']]
[[1], ["'"], [1], [1]]
[[1], [1, 0], [1], [1, 0], [1], [1], [1], [0], [1], [3], [0], ['whisperings'], [1], [0], [0], [1], [3], [0], [1], [1], [1], [1], [1], [1], [0], [1], [1], [3], [1], [1], [1], [1], [0], [1], [6]]
[[1], [1], [1], [3], [1], [1, 0], [3], [0], [1], [1], [1], [1], [3], [0], [0], [1], [1], [1], [0, 1], [5], [1], [1], [0], [1], [1], [1], [1, 0], [0], [1], [3], [0], [1], [1, 0], [0], [1], [0], [0, 1], [6]]
[[0], [1], [1]]
[[1], [1], [3], [1], [1], [1], [6]]
[[0], [0, 1, 0, 0], [1], [3], [1], [1], [0], [0], [1], [3], [0], [0], [1, 0], [1], [3]]
[[1], [1], [1], [1], [1], [1], [1, 0], [1], [3], [0], [1], [1], [1, 0], [1], [1], [1], [1], [0, 1], [6]]
[[0], [1]]
[[1, 0], [1], [3], [1], [1, 0], ["'"], [1], [1], [1], [1, 0], [1], [1], [1], [0, 1], [6]]
[[1], [1], [1], [0], [1], [1], [1], [6]]
[[1], [1], [1], [1], [0], [1], [1], [1], [6]]
[[1], [1], [1], [0], [1], [3], [0], [1], [3], [1], [1], [1], [1], [1], [1], [1], [1], [6]]
[[1], [1], [1], [1], [0], [1], [0], [1], [0], [0], [1], [1], [1], [1], [1], [5]]
[[1], [1], [1], [0], [1, 0], [1], [3], [1], [1], [1], [3], [1], [1], [1], [1], [6]]
[[0], [1, 0]]
[[1], [1], [0], [1], [6]]
[[1], [1], [1], [1], [6]]
[[0], [1], [1], [1], [0], [1, 0], [1], [1, 0], [1], [1], [1, 0], [1], [4], [1, 0], [1], [1], [1], ["'"], [0], [0, 1], [6]]
[[0], [1], [1], [1], [1], [0], [1], [3], [0], [1], [1], [1], [1], [0, 1], [5], [0], [1], [1], [1], [1], [0], [1], [3], [0], [1], [1], [1], [1], [1], ["'"], [1], [0, 1], [6]]
[[1], [1], [1], [1], [1], [3], [0], [1], [5], [1], [0], [1], [1], [1, 0], [1], [6]]
[[1], [1], [1], [1], [3], [0], [1], [1], [1], [1], [1], ['-'], [1, 0], [1], [0], [1], [6]]
[[1], [1], [1, 0], [1], [0, 1], [5], [1], [1], [1], [3], [1], [1], [0], [1], [5], [1], [0], [1], [1], [1], [1], [1], [3], [0], [1], [1], [0], [1], [1], [1], [6]]
[[0], [1, 0]]
[[1, 0], [3], [1, 0], [3], [1, 0], [1], [0], [0], [1, 0], [1], [0], [1], [3], [1], [0, 1, 0], [1], [1], [1], [1], [1], [1], [1, 0], [1, 0, 0], [6]]
[[0], [1], [1, 0], ['deeps'], [1], [1], [1], [0], [1, 0], [1], [1], [1], [6]]
[[1], [1], [1], [1], [1], [0, 1], [6]]
[[1], [0], [1], [1], [1], [0], [1, 0], [6]]
[[0], [1], [1, 0], [0], [1], [1], [1], [1], [0], ['sinews'], [1], [1], [1], [6]]
[[0], [3], [1], [1], [1], [0, 1], [1], [1], [3], [1], [1], [1], [0], [1], [1], [1], [6]]
[[1], [0], [1, 0], [6]]
[[1], [0], [1], [6]]
[[0], [1], [1, 0], [1], [1], [1], [6]]
[[1], [0], [1, 0], [6]]
[[1], [1], [1], [1], [1], [1, 0], [1, 0], [1], [6]]
[[1], [0], [1], [1], [1], [1], [1], [3], [0], [1, 0], [1, 0], [1], [1], [1], [3], [1], [1], [1], [1], [1], [1], [1], [6]]
[[1], [1], [1], [1], [0], [1], [1], [1], [6]]
[[1, 0], [3], [1, 0], [3], [1, 0], [1], [0], [0], [1, 0], [1], [0], [1], [3], [1], [0, 1, 0], [1], [1], [1], [1], [1], [1], [1, 0], [1, 0, 0], [6]]
[[1], [1, 0], [1], [1]]
[[0], [1, 0], [1], [1, 0], [1], [1], [3], [1], [0], [1, 0], [1], [1], [1, 0], [1], [5], [1], [1], [1], ['"'], [1], ["'"], [1], [0], [1, 0], [1], [1], [',"'], [0], [1], [1], [0], [1], [1, 0], [1], ["'"], [0], [6]]
[[1], [1], [1], [1], [1], [1, 0], [1], [1], [3], [1], [1], [0], [1], [1], [0], [1], [1], [5], [1], [1], [1], [1], [0, 1], [1], [1, 0, 0], [3], [0], [0], [1], [0], [1], [1, 0], [0, 1], [6]]
[[1], [1, 2, 0]]
[[1], [1, 2, 0], [3], [1, 0], [1], [1], [3], [1], ['countest'], [0], [1], [1], [0], [1], [5], [1, 0], [1, 0], [1], [1], [1, 0], ['clime'], [1], [0], [1, 0, 0], ["'"], [1], [1, 0], [1], [1], [5]]
[[1], [0], [1], [1], [0, 1], [1], [0, 1, 0], [3], [0], [0], [1], [1, 0], [1, 0], [0], [1], [3], [0, 1], [1], [1], [1], [3], [0], [0, 1], [1], [1], [1, 2, 0], [1, 0], [1], [1], [6]]
[[0], [1, 0]]
[[0], [1, 0], [1], [1], [1], [0], [1], [3], [0], [1, 0], [1], [0], [1], ["'"], [1], [1], [4], [1], [0], [1, 0], [1], [1], [0], [1], [0, 1], [3], [1], [0], [1], [1], [0], [1], [1], [0], [1, 0], [1], [6]]
[[0], [1, 0], [1], [1]]
[[1], [1], [1], [1], [0, 1], [0], [1], [3], [1], [1], [1], [1, 0], [5], [1], [1], [0, 1], [0], [1, 0], [1], [1, 0], [3], [1, 0], [6]]
[[1], [1], [1], [1], [0], [1], [0], [0], [1], [3], [1], [0], [1, 0], [0], [1], [1], [0], [1], [5], [0], [1], [1], [1], [1], [1], [0], [0, 1], [3], [1, 0], [1], [3], [0], [0, 1], [1], [0], [1], [6]]
[[1], [1], [1], [0], [1, 0], [1], [1], [3], [0], [1], [1], [1], [1, 0], [1], [1], [5], [0], [1, 0], [1], [1], [0], [0], [1], [3], [1], [1], [1], [1], [1], [1], [0], [1], [6]]
[[0], [0], [1], [1], [1], [1, 0], [0], [1], [0], ['"'], [1], [1], [1], [',"'], [1], [1, 0], [0], [1], [5], [1], [1], [1], [1], [0], [1, 0], [1], [1], [1], [1], [1, 0], [1], [1, 0], [1], [6]]
[[0], [1], [1], [1], [1], [1], [1], [1], [3], [0], [1, 2], [1], [1, 0], [1], [1], [5], [0], [1], [0], [1], [1], [0], [1, 0], [1], [1], [3], [0], [1, 0], [1], ['briars'], [1], [1], [0], [0, 1, 0], [6]]
[[0], [1, 0], [1, 0, 0]]
[[1], [1, 0], [3], [1], [1, 0], [3], [0], [1], [1], [1], [5], [1], [0], [1, 2], [1], [1, 0], [3], [0], [1, 0], [3], [0], [1], [6]]
[[0, 1], [3], [1], [1], [1], [1], [1], [1], [1], [1], [5], [0], [1], [1, 0], [1], [1], [1], [0], [1], [1, 0], [1], [6]]
[[1], [3], [1], [1], [0], [1], [1], [1], [1], [1], [1], [1], [3], [0], [0], [1, 0], [1, 0], [1, 0], [1], [1], ['regale'], [3], [1], ["'"], [1], [1], [0], [1], ["'"], [1], [1], [1], [0], ['livelong'], [1], [3], [1], [1, 0], [1], [1], [1], [0], [1], [1], [1], [6]]
[[1], [0], [1, 0], [1], [1], [3], [0], [1], [3], [0], [1], [3], [0], [1], ["'"], [1], [1], [1], [1, 0], [1], [1], [0], [0], [1], [5], [0], [1, 0], [1], [1], [3], [1], [1], [1, 2], [1], [1], [3], [1], [1], [1], [1, 0], [1, 0], [3], [1], [1, 0], [3], [1], [1], [6]]
[[0], [1], [3], [1], [0], [1, 0], [3], [0, 1, 0], [1], [1], [1], [1, 0], [1], [1, 0], [0], [1, 0], [1], [1], [3], [1], [1], [1], [1], [1, 0], [1], [0], [1, 0], [1], [0], [1, 0], [3], [1], [1], [1], [3], [0], [1], [1], [1], [1], [0], [0, 1, 0], [6]]
[[1, 0]]
[[1], [1, 0], [1], [1], [1, 0], [1], [3], [1], [1], [0], [1, 0], [1], [1], [1], [3], [0], [1], [0], [1, 0, 0], [1], [1], [1], [3], [1], [1], [1, 0], [3], [1], [1], [1], [6]]
[[0], [1, 0, 0], [1], [1], [1, 0, 0], [1], [3], [0], [1, 0, 0], [1, 0], ["'"], [1], [1], [1], [1], [3], [0], [1, 0, 0], [1], [3], [0], [1, 0, 0], [1], [3], [0], [1], ['-'], [1], ['manacles'], [1], [1], [4]]
[[1], [0], [1, 0], ['-'], [1, 0], ["'"], [1], [1], [1, 0, 0], [1, 0, 0], [1], ['appals'], [3], [0], [0], [1, 0], [1, 0], ["'"], [1], [1], [1], [0], [1], [1], [1, 0], ['-'], [1], [6]]
[[1], [1], [3], [1], [1, 2], [1], [1], [1], [1], [0], [1, 0], [1, 0], ["'"], [1], [1], [1], [0], [1], ['-'], [1], [1, 0], ["'"], [1], [1], [3], [0], ['blights'], [1], [1], [0], [1, 0], ['-'], [1], [6]]
[[0], [1, 0], [0, 1]]
[[1, 0], [1], [1], [1], [1], [1], [1], [1], [1], [1], [1, 2, 0], [1], [3], [0], [1, 0], [1], [1], [1], [1], [1], [1], [0], [1], [1, 0], [1], [1], [6]]
[[0], [1, 0, 0], [1], [1], [1], [3], [1], [0], [1, 0], [1], [0, 1], [1], [1, 0], [1], [0], [1], [3], [0], [1], [1], [1], [1], [1], [6]]
[[1], [1], [1], [1], [1], [1, 0], [1], [3], [0], [1, 0], [0], [1], [1], [1], [5], [1], [0, 1, 0, 0], [1], [1], [1], [2, 0, 1], [1], [1], [6]]
[[1], [1], [0], [1, 0], [1], [1], [1, 0, 0], [1, 0], [1], [1], [3], [0], [0], [1, 0, 2, 0], [0], [1], [1], [1], [0], [1, 0, 0], [6]]
[[0], [1], [1], [0], [1], [1], [0, 1], [3], [1, 0], [0], [1], [1], [1], [3], [0], [0], [1, 0], [1], [1], [1], [1], [0], [1], [1, 0], [1], [6]]
[[0], [1], [1], [0], [1], [0], [1], [1], [1], [1, 0], [1], [1], [1], [1], [3], [1], [1], [1], [1], [1], [0], [1], [4], [1], [1], [1], [0], [0], [1, 0], [1], [6]]
[[1, 0], [1, 0]]
[[1], [1, 0], [1], [3], [1], [1, 0], [1], [4], [0, 1], [0], [1, 0, 0], [1], [1], [1], [3], [1, 0], [3], [1, 0], [3], [1, 0], [1], [3], [1], [0], [1], [1], [0], [0], [1], [6]]
[[1, 0, 0], [0], [1], [1, 0], ["'"], [1], [1], [3], [1, 0], [0, 1], [1], ['swaddling'], ['-'], [1], [3], [1], [0], [1, 0], [3], [1], [1], [1], [1], [1], [0, 1], [1], [1, 0], ["'"], [1], [1], [6]]
[[0], [1, 0], [1]]
[[1], [1], [1, 0], [1], [1], [1], [4], [1], [1], [1], [1], [3], [1], [1], [1], [1], [6]]
[[1], [1], [1, 0], [1], [1], [1], [4], [1], [1], [1], [1], [3], [1], [1], [1], [1], [6]]
[[0], [1], [1, 0], [1], [0], [1], [1], [0], [1, 0], [1], [1], [1], [3], [0], [1], ['sunned'], [1], [1], [1], [0], [1], [1], [0, 1, 0], [1], [6]]
[[0], [1], [1], [1], [1], [0], [1], [3], [1], [1], [1], [1], [1, 0], [1], [3], [0], [1], [1], ['beheld'], [1], [1], [3], [0], [1], [1], [1], [1], [1], [1], [3], ['--']]
[[0], [0, 1], [1], [1, 0], [1], [1], [0], [1], [1], [1], [0], [1], [5], [0], [0], [1, 0], [3], [1], [3], [1], [1], [1], [1], [0, 1], [0, 1], [0], [1], [6]]
[[0], [1, 0], [1], [1]]
[['"'], ['nought'], [1], [0, 1, 0], [1], [0, 1], [3], [1], [1, 0, 2], [0, 1, 0], [1], [3], [1], [1], [1], [1, 0, 0], [1], [1], [0], [1, 0], [1], [0, 1], [1], [1], [6]]
[['"'], [0], [3], [1, 0], [3], [1], [1], [1], [1], [1], [1], [1, 0], [1], [1], [1, 0], [1], [6]]
[[1], [1], [1], [1], [0], [1, 0], [1], [1], [1], [1], [1], [0, 1], [0], [1], ['."']]
[[0], [1], [1], [1], [0], [1], [0], [1], [5], [0], [1, 0, 0], [1], [1], [1], [1], [1], [3], [1], [1], [1], [1], [1], [1, 0], [1], [3], [0], [1], [0, 1, 0], [0], [1, 0], [1], [6]]
[[0], [1, 0], [1], [0], [1, 0], [1], [3], ['"'], [1], [3], [1], [0], [1], [1], [1], [6]]
[[1], [1], [4], ['"'], [1], [1], [1], [1, 0], [1], [1], [1], [1], [1, 0], [1], [1, 0], [1, 0, 0], ['."']]
[[0], [1, 0], [1], [1], [1], [1], [1], [3], [0], [1, 0], [1, 0], [1], [0], [1], [4], [1], [1], [1], [1], [1], [1, 0], [1], [3], [0], [1], [1], [0], [1], [1, 0], [1], [3]]
[[0], [1], [1], [0], [0], [1, 0], [1], [1], [1, 0], [1], [1], [1], [0, 1], [5], [0], [1, 0], [1, 0], [1], [0], [1], [6]]
[[1], [1], [1], [1], [1], [1, 0, 0], ["'"], [1], [1], [6]]
[[0], [1, 0], [1], [1]]
[[1, 0], [1], [0], [1, 0], [1], [3], [1, 0], [1], [0, 1, 0], [1], [3], [1], [1], [0], [0], [1, 0], [1], [1], [3], [1], [1], [3], [1], [1], [0], [1], [6]]
[[0], [0], [1], [1], [1], [3], [1], [1], [1, 0], ["'"], [1], [1], [3], [1], [0], [1, 0], [1], [3], [1], [0], [1, 0], [1], [3], [1, 0], [0], [0], [1, 0], [1], [0, 1], [6]]
[[1], [0], [1, 0], [1], [3], [1], [1], [1, 0], [1], [3], [1], [0], [1, 0], [1], [1], [0], [1, 0], [1], [1], [1], [0, 1], [0], [1, 0], [1], [0], [1], [6]]
[[1], [3], [0], [1, 0], [1], [3], [1], [0], [1], [1], [1], [5], [1, 0], [0], [0, 1], [3], [1, 0], [1], [1], [1], [3], [0], [0], [1, 0], [1], [0, 1], [0], [1], [6]]
[[1, 0], [1], [1, 0], [1], [3], [1], [0, 1], [1], [1], [1], [0], [1, 0], [1], [1], [1], ["'"], [0], [1, 0], ["'"], [1], [1], [3], [0], [0], [1, 0], [1, 0], [1, 0, 0], [1], [6]]
[[1], [0], [1, 0], [1], [1], [0], [1, 0], [1], [5], [1], [1], [1, 0], [1], [3], [1], [0], [1, 0], [1], [1], [0], [1, 0], [1], [1], [1, 0], [1], [6]]
[['"'], [0, 1], [3], [1], [0], [1], [3], [1], [1], [1, 0], [1], [6]]
[[1], [0], [1, 0, 0], [1], [6]]
[[1], [0], [1, 0], [1], [1], [1], [0], [1, 0], [1], [1], [1, 0], [1], ['!"']]
[[0], [1, 2]]
[[1], [1], [1], [1], [1], [0], [1, 0], [1], [3], [1], [1], [1], [1, 0], [1], [1, 0, 0], [1], [5], [0], [1, 0], [1, 0], [1], [1], [1], [3], [0], [0], [1, 2], [1], [1], [1], [4], [1], [1], [1], [1, 0, 0], [6]]
[[1], [1], [1], [1], [1], [0], [0], [1, 0], [1], [3], ['--'], [1], [1], [1], [1], [1], [0, 1], [6]]
[[1, 0], [0], [1, 0], [1], ['outworn'], [3], [0], [1, 0], [1], [1], [0], [1], [0], [1, 0], [0], [0, 1], [6]]
[[1], [1], [1], [1], [1], [1, 0], [1], [3], [0], [1], [1, 0], [1], [1, 0], [1, 0], [5], [1], [0], [1], [1], [1], [1], [1], [0, 1], [3], [1], [1], [0], [1, 0], ["'"], [1], [1, 0], [3], [1], [1], [1], [0], [1, 0], [1, 0], [6]]
[[1], [1], [0], [1], [1], [1], [1], [1], [1], [1], [0], [0], [1], [0], [1], [6]]
[[1], [1], [0], [1], [3], [1], [1], [0, 1], [3], [1], [1], [1], [1, 0], [1], [3], [0], [0, 1], [1], [1, 0], [1], [6]]
[[1], [1, 0], [0], [1, 0], [3], [1], [1], [1], [1], [3], [0], [1, 0], [1], [0, 1], [5], [0], [1], [0], [1, 0], [1], [1], [1], [1], [1], [1], [0], [0], [1, 0], [1], [3], [1], [1, 0], [0], [1], ["'"], [1], [0, 1], [3], ['--']]
[[1], [1], [0], [1, 0], [0, 1], [0], [1], [3], [1], [0], [1, 0], [1], [0, 1], [6]]
[[1], [1], [1], [1], [1, 0], [1], ['griefs'], [0, 1], [3], [1], [1], [0], [1, 0, 0], [1], [3], [1], [0], [1], [1], [1, 0], [0, 1], [6]]
[[1], ['terzah']]
[[1], ["'"], [0], [1], [1], [1], [1, 0], [1], [1], [1], [0, 1], [1], [0], [1], [3], [1], [1], [1], [2, 0, 1, 0], [1], [4], [1], [1], [1], [1], [1], [1], [1], [1], [6]]
[[0], [1, 0], [1], [1], [1], [0], [1], [3], [1], [0], [0], [1], [3], [0], [1, 0], [1], [5], [1], [1, 0], [1], [1], [0, 1], [1], [5], [0], [1, 0], [1], [1], [1], [0], [1], [6]]
[[1], [3], [1, 0], [1], [1], [1, 0], [1], [3], [1], [1, 0], ['didst'], [1], [1], [1], [3], [0], [1], [1], [1], ['-'], [0, 1, 0], [1], ['didst'], [1], [1], [1, 0], [3], [1], [3], [0], [1], [3]]
[['didst'], [1], [1], [1], [0], [1, 0], [1], [3], [0], [1], [1], [1, 0], [1], [0, 1], [6]]
[[0], [1], [1], [1, 0], [1], [1], [1], [4], [1], [1], [1], [1], [1], [1], [1], [1], [6]]
[[0], [1], [1], [0], [1, 0], [1]]
[[1], [1], [0, 1], [6]]
[[1], [1, 0], [0], [1], [0], [1, 0, 0], [1], [3], [1, 0], [1], [1], [1], ['-'], [1], [6]]
[[1], [1], [1], [3], [0], [1], [1], [1, 0], [3], [1], [0, 1], [0], [1, 0], ['teazing'], [6]]
[[1, 0], [1], [1], [1, 0], [1], [5], [1, 0], [1], [0, 1], [0], [1], [5], [1], [1, 0], [1], [1, 0], [1], [6]]
[[1], [1, 0], [1], [1], [1, 0], [1], [1], [0], [1], [5], [0], [1], ['--'], [1], [1], [1], [1], [1], [1], [5], [0], [1], [1], [1], [1, 0], [3], [1], [1], [1], [1], [1], [6]]
[[0, 1, 0]]
[[0], [0, 1], [1, 0]]
[[1, 0], [1], [0], [1, 0], [1], [3], [0], [1, 0, 0], [0], [1, 0], [1], [5], [1, 0], [0], [1, 0], [1], [0, 1], [3], [0], ['secresy'], [0], [1, 0], [1], [6]]
[[0], [1, 0], [1], [1], [1], [1, 0], [3], [0], [1, 0], [1], [0], [1, 0, 0], [1], [3], [0], [1, 0], [1], [0], [1, 0], [1], [3], [0], [1, 0], [1], [1], [1, 0], [1], [6]]
[[1], [4], [1], [1, 0], [0], [0, 1], [1], [1], [3], ['"'], [0], [0, 1], [1, 0], ['"'], [1], [1, 0], [0, 1, 0], [0], [0], [1], [1], [1, 0, 0], [0], [1], [0, 1, 0, 0], [6]]
[[1, 0], [1], ["'"], [1]]
[[0], [1], [1], ['thel']]
[['thel'], ["'"], [1], [1, 0]]
[[1], [0], [1, 0], [1], [1], [1], [0], [0], [1], [6]]
[[1], [1], [1], [1], [1], [0], [1], [4], [1], [1, 0], [1], [1], [0], [0], [1, 0], [1], [6]]
[[1], [1], [0], [0], [1, 0], [1], [6]]
[[0], [1], [1], ['thel']]
[[0], [1, 0], ['&'], [1, 0], ['willm'], [6]]
[[1], [6]]
[['1780']]
[['thel']]
[[1]]
[[0], [1, 0], [1], ['mne'], ['seraphim'], [1], [1], [1], [1, 0], [1], [3], [1], [1], [0], [1, 0], [4], [1], [0], ['paleness'], [1], [0], [1, 0], [1], [6]]
[[1], [1], [0, 1], [1], [1, 0], [1, 0], [1], [0], [1, 0], [1], [4], [1], [1], [0], [1, 0], [1], ['adona'], [0], [1], [1], [1], [1], [5], [0], [1], [0], [1, 0], ['lamentation'], [1], [1], [1, 0], [1], [6]]
[[1], [1], [1], [1], [1, 0], [1], [6]]
[[1], [1], [0], [1, 0], [1], [0], [1, 0], [6]]
[[1], [1], [1], [1, 0], [1], [0], [1], [6]]
[[1], [1], [1], [1], ['&'], [1], [6]]
[[1], [6]]
[['thel'], [1], [1], [0], [1, 0], [1], [3], [0], [1], [0], [1, 0], [1], [3], [1], [0], [0, 1, 0], [0], [0], [1], [4], [1], [1, 2], [0], [0], [1, 0], [1], [1], [1], [1, 0], [3], [1], [0], [1], [0, 1], [1], [1, 0], [1], [6]]
[[1], [0], [1], [1], [3], [1], [1, 0], [1], [3], [1], [1, 0], [0], [0], [1], [4], [1], [6]]
[[1, 0], [1], [1], [1], [1], [1], [0], [1, 0], [1], [1], [1], [6]]
[[0], [1, 0], [1], [0], [1], [1], [1], [3], [0], [1, 0], [1], [0], [1], [1], [1], [1], ['walketh'], [0], [0], [1, 0], [0], [0], [1, 0], [1], [6]]
[[0], [1, 0], [1], [0], [1, 0], [1, 0], [0], [0], [1, 0], [1], ['answerd'], [0], [1, 0], [1], [0], [1], [4], [1], [1], [0], [1, 0], [1], [3], [0], [1], [1], [1, 0], [1], [0], [1], [1], [1], [0], [1, 0], [1], [4], [1], [1], [0], [1, 0], [1, 0, 2], [1], [1, 0], [1], [1], [1], [1], [1], [1], [1, 0, 0], [1], [1, 0], [0], [1], [1], [1], [1], [1], [1], [0], [0], [1, 0], [3], [0], [1], [1], [1, 0], [1], [1], [1], [1], [1, 0], [3], [0, 1], [1], [1, 0], [1], [3], [1], [1], ['-'], [1], [1, 0], [1, 0], [6]]
[[1], [1, 0], [1], [1], [1, 0], [1, 0], [0], [1], [1, 0], [1], [4], [1], [1], [1], [1], [1], [0], [1], [3], [0], [1], [1], [1, 0], [1, 0], [4], [1], [1, 0], [1], [1], [1], [0, 1], [0], [1, 0], [0], [0], [1], [1], [1, 0], [0], [0, 1, 0], [1], [4], [1], [1], [1], ['thel'], [0, 1], [6]]
[[1], [1], [0], [1, 0], [1], [0], [1], [1], [1], [3], [1, 0], [0], [1], [6]]
[[1], ['ceasd'], ['&'], ['smild'], [0], [1], [3], [1], [1], [1], [0], [0], [1, 0], [1], [6]]
[['thel'], ['answerd'], [3], [1], [1], [1, 0], [1, 0], [1], [0], [1, 0], [1, 0], [6]]
[[1, 0], [1], [1], [1], [1, 0], [1], [3], [0], [1, 0], [3], [0], [1], ["'"], [0], [1, 0], [0], [1], [1], [1, 0], [0], [1, 0, 0], [1], [3], [1], [1], [0], [1, 0], [1, 0], [1], [1], [1], [1, 0], [1], [1], ['sittest'], [1, 0], [0], [1], [1], [3], [1, 0], [1], [1], [0], ['meekin'], [1], [1], [1], [0, 1, 0], [1], [6]]
[[1], [1], [1], [1, 0, 2], [0], [1, 0], [1, 0], [5], [1], [0, 1], [6]]
[[1], [1], [1], [1, 0], [1], [1, 0, 0], [1, 0], [1], [1], [1], [1], [1], [0, 1], [0], [1], [1], [3], ['&'], [1], [0], [1, 0], ['-'], [1, 0], [1], [6]]
[[1], ['thel'], [1], [1], [0], [1], [1], [1, 0], [1], [0], [1, 0], [1], [4], [1], [1, 0], [1], [1], [1, 0], [1], [3], [0], [1], [1], [1], [1], [1], [6]]
[[1], [1], [0], [1], [0], [1, 0], [1, 0], [3], [1], [0], [1, 0], [1], [3], [0], [1], [1], [1], [1], [1], [1], [1, 0], [0], [0], [1, 0], [1], [6]]
[[0], [1], [1], ['scatters'], [1], [1], [1, 0], ['thro'], [0], [1, 0], [1], [6]]
[[0, 1], [1], [1, 0], [1], ['&'], [1, 0], [0, 1], [0], [1], [1], ['thel'], [6]]
[[0], [1], [0, 1, 0], [0], [0], [1, 0], ['bowd'], [0], [1, 0], [1], [4], [0], [1], [1], [1], [0], [1, 0, 0], [1], [0, 1], [0], [1, 0], [1], [6]]
[['ii'], [6]]
[[1], [1, 0], [1], [0], [1, 0], [1], [3], [1], [1], [1], [1], [1], [1], [1], [1], ['complainest'], [1], [1], [0], [1], [1, 0], [1], [1], [0, 1], [4], [1], [1], [1], [1], [1], [1], [1], [1], [4], [1], ['thel'], [1], [1], [1], [1], [6]]
[[1], [1], [0, 1], [3], [1], [1], [0, 1], [3], [0], [1], [1], [1], [1], [1], [6]]
[[0], [1], [1], ['shewd'], [1], [1, 0], [1], ['&'], [1], [1], [1], ['emerg'], ["'"], [1], [6]]
[[1, 0, 0], [0], [1, 0, 0], [1], [0], [1], [0, 1], [0], [1], [1], ['thel'], [6]]
[[1], [1, 0], [1], ["'"], [1], [1], [1], [1, 0], [1], [1], [1], [0], [1, 0], [1], [1], ['luvah'], [1], [0, 1], [1], [1, 0], [4], ['lookst'], [1], [1], [1], [1], [6]]
[[0], ['fearest'], [1], [0, 1], [1], [1, 0], [0], [1], [1], [1], [1], [6]]
[[1, 0], [0, 1], [5], [1], [1], [1], [1], [1], [3], [1], [1], [1], [0, 1], [6]]
[[1], [1], [1], [1, 2], [1], [3], [1], [1], [3], [1], [1], [3], [0], ['raptures'], [1, 0], [4], [0, 1], [0, 1, 0], [3], [1], [1], [1], [1], [0, 1], [1, 0], [1, 0], [4], [0], [1], [0], [1], [1], [1], [3], [1], [1], [1], [1], [0], [1, 0], [1], [0], [1, 0], [1, 0], [3], [1, 0, 0], ['kneels'], [0, 1], [0], [1, 0], [1], [6]]
[[1], [1], [0, 1], [1], ["'"], [1], [0], [0], [1, 0], [1], [0], [1, 0], [1], [4], [1], [1], [0, 1, 0], [1, 0], [1], [1], [1], [1, 0], [1, 0], [1, 0], [6]]
[[1], [1], [1], [1, 0], [1], [6]]
[[1], [1], [1], [1], [1], [1], [1], [1], [4], [1], [1], [1], [1], [0], [1], [1], [1], [3], [0], [1], [0], [1, 0], [1, 0], [4], [1], [1], [1], [1], [0], [1, 0], [1, 0], [4], [1], [1], [0], [1, 0, 0], [1], [3], [1], [1], [1], [1], [0], [1, 0, 0], [1], [3], [1], [1], [0], [1], [1], [1], [4], [1], ['thel'], [0, 1], [0], [1], [1], [1], [0, 1], [1], [1], [0, 1], [0], [1], [1], [1], [3], [0, 1], [0], [1], [1], [1, 0], [1, 0], [1], ["'"], [1], [3], [1], [1], [1], [1, 0], [1], [1], [1], [1], [1], [0], [1], [1], [1], [6]]
[[0], [1], ['reclind'], [0, 1], [1], [1, 0], [1], [0], ['answerd'], [1], [6]]
[[1], [1], [1], [1], [0], [1], [1], [1], [3], [1], [1, 0], [1], [0], [1], [3], [1], [1], [1], [1], [3], [1], [1], [1], [1, 0], [3], [1, 0, 0], [1], [1], [1], [6]]
[[1], [1], [0, 1], [1], [1], [0, 1], [4], [1], [1], [0], [1], [1], [1], [3], [0], [1], [1], [1], [1], [1, 0], [1], [3], [0], [1], [1], [1], [1], [1], [6]]
[[1], [1], [1], [0], [0], [1, 0], [1, 0], [3], [1], [1], [1, 0], [1], [6]]
[[0], [1, 0], [1], [0, 1], [0], [1], [0, 1], [0], ['lillys'], [1], [3], [0], [0], [1], [1], ['saild'], [1], [3], [1], [1], [1], [1, 0], [0], [0], [1], [6]]
[['iii'], [6]]
[[1], ['thel'], [0, 1, 0], ["'"], [1], [1], ["'"], [1], [0], [1], [0, 1], [1], [1, 0], [1], [6]]
[[1], [1], [0], [1], [6]]
[[1, 0], [1], [1, 0], [6]]
[[1], [1], [1], [0], [1], [6]]
[[1], [1], [1], [1], [1], [1, 0], [1], [0], [0], ['lillys'], [1], [5], [1], [1], [1], [1, 0], [1], [3], [1], [1], ["'"], [1], [1], [1], [3], [1], [1], [1], ["'"], [1], [1], [4], [1], [1], [0], [1], [6]]
[[1], [1], [1], [1], [1, 0], ['&'], [1, 0], [4], [1, 0], [0], [1], [1], [1, 0], [3], [1], [1], [1, 0], [1], [1], [1, 0], [1], [6]]
[[0], ['clod'], [1], [1], [1], [0], [1], [1], ['&'], [1], ["'"], [1], [0], [1, 0, 0], [1], [4], [1], ['bowd'], [1, 0], [0], [1, 0], [1, 0], [3], [0], [0], [1], ['exhald'], [0], [1, 0], [1, 0], [3], [1], [1], ['thel'], [1], [1], ["'"], [1], [0], [1, 0], [1]]
[[1], [1, 0], [1], [0], [1], [1], [1], [3], [1], [1], [1], [1], [0, 0, 1], [3], [1], ['seest'], [1], [0], [1, 0], [1], [3], [0], [1], [1], [1], [0, 1], [4], [1], [1, 0], [1], [0, 1], [1], [1], [3], [0], [1], [0, 1], [1], [1], [3]]
[[1], [1], [1], [1], [0], [1, 0], [3], [1], [1], [1], [0, 1], [1], [1], [0], [1, 0], [1], [3], [0], [1], [1], [1, 0], [1], [0, 1], [1], [1], [6]]
[[0], [1], [5], [1], [1, 0], [1], [1], [1, 0], [3], [1], [1], [1], [1], [0], [1], [1], [1, 0], [1], [0], [1], [1], [1], [1], [1], [0, 1], [6]]
[[1], [1], [1], [1], [1], [1], [3], [1], [1], [1], [3], [0], [1], [1, 0], [1], [1], [1, 0], [3], [0], [1], [1, 0], [1, 0], [5], [1], [1], [1], [0], [1], [6]]
[[0], [1, 0], [1], [1, 0], ['wip'], ["'"], [1], [0], [1, 0, 0], [1], [1], [0], [1], [1], [3], [0], [1], [3], [0, 1], [6]]
[[1], [1], [1], [1], [3], [0], [1, 2], [1], [1], [1], [4], [1], [1], [1], [1], [0], [1], [1], [1], [3], [0], [1, 0], [0], [1, 0], [1], [1], ['wilful'], ['bruis'], ["'"], [1], [1], [1, 0], [1], [4], [1], [1], [1], [1, 0], ["'"], [1], [1], [1], [1], [0], [1], [1], [1, 0], [1], [3], [0], [1, 2], [1], [1], [1], [3], [0], [1], ['complaind'], [0], [0], [1], [1], [3], [0, 1], [1], [1], [0, 1], [6]]
[[0], [1], [1], [1], [0], [1], [1], [1], [3], [0], [1], [1], [1, 0], [1], [6]]
[[1], [1], [0], [1], [3], [0], [1, 0], [1], [1, 0], [4], [1], [1], [1], [1], [6]]
[[0], [1], [1], [1], [1], [1], ["'"], [0], [1], [1], [3], [1], [1], [1], [1], ["'"], [1], [1], [1], [4], [1], [1], [1], [1], [1, 0], [1], [1], [3], [1], [1, 0], [1], [1], [1, 0], [3], [0], [1], [0, 1], [4], [1], [1, 0], [3], [1, 0], [1], [1], [1, 0], [1], [6]]
[['iv'], [6]]
[[0], [0, 1, 0], [1], [0, 1, 0], [1, 0], [1, 0], [0], [1, 0], [1], [4], ['thel'], [1, 0], ["'"], [1], [0], ['&'], [1], [0], [1, 0], [1], [0], [1], [0, 1], [5], [1], [1], [0], [1, 0], [1], [0], [1], [3], ['&'], [1], [0], [1, 0], [1], [1], [1, 0, 0], [1], [1], [1], ['infixes'], [1], [1], [1, 0], [1], [4], [0], [1], [1], [1, 0], ['&'], [1], [1], [1], [1, 0], [1], [1], [1], [6]]
[[1], [1, 0], [0], [0], [1], [1], [1], ['thro'], ["'"], [1, 0], [1], [3], ['listning'], ['dolors'], ['&'], ['lamentations'], [4], [1, 0], [1], [0, 1], [0], [1, 0], [1], [1], [1], [0], [1, 0], [3], ['listning'], [1], [0], [1, 0], [1], [0], [1], [3], [1], [1], [0], [1], [1], [1], [1], [1], [3], ['&'], [1], [1], [1], [1], [6]]
[[0], [1], [1], [1], [1], [1, 0], [1], [1], [0], [1, 0], [1], [6]]
[[1], [1, 0], [0], [1], [1], [1], [1], [1], [1], [0, 1, 0], [6]]
[[1], [0], [1, 0, 0], [1], [1], [0], [1, 0], [1], [0], [1], [6]]
[[1], [1], [1, 2], ['stord'], [1], [1, 0], [1, 0], [1], [3], [1], [0], [1, 0], [1, 0], [1], [0], [1, 2], [1], [6]]
[[1], [1], [1], [1], [1], ['&'], [1, 0], ['showring'], [1], ['&'], [1], [1], [6]]
[[1], [0], [1], [0, 1], ["'"], [1], [1], [1, 0], [1], [1, 0, 0], [1], [6]]
[[1], [1], [1], [3], [0], [1, 2], [1], [1], [1], [0, 1, 0], [0], [6]]
[[1], [0], [1, 0], [1], [0, 1, 0], [1, 0], [1, 0, 0], ['&'], ['affright'], [1], [0], [1, 0], [1], [0, 1], [0], [1, 0], [1, 0], [1], [6]]
[[1], [0], [1, 0], [1, 0], [1], [1], [1], [0], [1], [1], [1, 0], [0, 1, 0], [6]]
[[0], [1, 0], [1, 0], [1], [0], [1], [3], ['&'], [1], [0], [1], [3], [1], [1], ['unhinderd'], [1], [1], [1], [0, 1], [0], [1], [1], [1]]
